#z(nm),hydrogen bonding,err
-7.0,2.358,0.918,2.785,0.403,158.939,22.902
-6.9,2.361,0.912,2.787,0.398,159.077,22.64
-6.8,2.383,0.908,2.794,0.372,159.616,21.121
-6.7,2.362,0.928,2.78,0.415,158.851,23.642
-6.6,2.362,0.927,2.79,0.388,159.359,22.087
-6.5,2.358,0.927,2.78,0.415,158.839,23.661
-6.4,2.359,0.911,2.797,0.363,159.902,20.67
-6.3,2.366,0.913,2.786,0.396,159.234,22.526
-6.2,2.367,0.926,2.791,0.385,159.39,21.905
-6.1,2.372,0.922,2.788,0.388,159.463,22.068
-6.0,2.396,0.918,2.788,0.388,159.352,22.082
-5.9,2.367,0.934,2.778,0.417,158.73,23.772
-5.8,2.384,0.921,2.794,0.365,159.659,20.752
-5.7,2.392,0.929,2.789,0.385,159.34,21.87
-5.6,2.387,0.932,2.782,0.398,159.252,22.655
-5.5,2.411,0.922,2.789,0.379,159.492,21.544
-5.4,2.407,0.922,2.79,0.366,159.714,20.822
-5.3,2.443,0.925,2.783,0.383,159.539,21.771
-5.2,2.432,0.918,2.782,0.367,159.814,21.014
-5.1,2.449,0.908,2.787,0.34,160.178,19.401
-5.0,2.433,0.917,2.775,0.365,159.783,20.879
-4.9,2.418,0.924,2.769,0.374,159.622,21.405
-4.8,2.413,0.918,2.767,0.37,159.66,21.224
-4.7,2.446,0.906,2.771,0.332,160.214,18.996
-4.6,2.412,0.852,2.716,0.282,160.781,16.194
-4.5,2.538,0.892,2.734,0.3,160.823,17.308
-4.4,2.455,0.918,2.77,0.322,160.694,18.509
-4.3,2.608,0.864,2.756,0.271,161.471,15.718
-4.2,2.687,0.903,2.754,0.293,161.233,16.93
-4.1,2.615,0.916,2.765,0.323,160.693,18.55
-4.0,2.711,0.898,2.768,0.255,161.688,14.621
-3.9,2.48,0.928,2.77,0.353,160.027,20.264
-3.8,2.418,0.921,2.768,0.374,159.673,21.453
-3.7,2.388,0.904,2.772,0.349,159.933,19.989
-3.6,2.438,0.91,2.754,0.363,159.877,20.91
-3.5,2.662,0.882,2.737,0.272,161.439,15.863
-3.4,2.578,0.887,2.746,0.304,160.769,17.655
-3.3,2.335,0.903,2.751,0.382,159.343,21.988
-3.2,2.446,0.906,2.759,0.345,160.037,19.944
-3.1,2.456,0.913,2.756,0.358,159.809,20.644
-3.0,2.414,0.924,2.761,0.374,159.617,21.447
-2.9,2.519,0.931,2.759,0.358,160.084,20.573
-2.8,2.625,0.942,2.754,0.317,160.816,18.296
-2.7,2.645,0.975,2.749,0.344,160.361,19.869
-2.6,2.653,0.912,2.759,0.303,160.951,17.446
-2.5,2.516,0.924,2.774,0.329,160.413,18.769
-2.4,2.549,0.93,2.771,0.329,160.391,18.817
-2.3,2.412,0.914,2.764,0.359,159.747,20.619
-2.2,2.446,0.914,2.766,0.349,159.953,20.132
-2.1,2.449,0.927,2.772,0.36,159.895,20.622
-2.0,2.461,0.924,2.761,0.375,159.757,21.453
-1.9,2.495,0.897,2.736,0.311,160.713,17.774
-1.8,2.393,0.93,2.759,0.398,159.197,22.792
-1.7,2.456,0.923,2.765,0.375,159.736,21.51
-1.6,2.432,0.882,2.751,0.33,160.561,19.106
-1.5,2.306,0.927,2.759,0.423,158.781,24.177
-1.4,2.347,0.937,2.767,0.429,158.529,24.43
-1.3,2.486,0.928,2.763,0.382,159.556,21.883
-1.2,2.47,0.922,2.748,0.342,160.341,19.821
-1.1,2.375,0.904,2.756,0.384,159.4,22.145
-1.0,2.465,0.889,2.771,0.326,160.437,18.81
-0.9,2.406,0.907,2.792,0.345,160.204,19.647
-0.8,2.452,0.877,2.746,0.335,160.273,19.248
-0.7,2.45,0.895,2.741,0.349,160.175,20.183
-0.6,2.367,0.916,2.747,0.396,159.284,22.83
-0.5,2.258,0.882,2.744,0.438,158.469,25.167
-0.4,2.255,0.91,2.748,0.446,158.188,25.579
-0.3,2.328,0.912,2.746,0.419,158.742,24.127
-0.2,2.239,0.913,2.755,0.42,158.531,24.132
-0.1,2.263,0.917,2.754,0.387,159.132,22.329
-0.0,2.495,0.918,2.766,0.327,160.501,18.818
0.1,2.502,0.914,2.764,0.352,160.246,20.227
0.2,2.363,0.933,2.757,0.414,158.906,23.782
0.3,2.43,0.913,2.738,0.341,160.296,19.759
0.4,2.435,0.885,2.738,0.32,160.473,18.652
0.5,2.49,0.884,2.76,0.31,160.851,17.823
0.6,2.547,0.815,2.75,0.268,161.288,15.564
0.7,2.468,0.882,2.753,0.331,160.341,19.071
0.8,2.458,0.877,2.754,0.317,160.669,18.351
0.9,2.532,0.895,2.749,0.278,161.402,16.064
1.0,2.647,0.998,2.746,0.35,160.392,20.212
1.1,2.477,0.937,2.754,0.348,160.242,19.993
1.2,2.499,0.927,2.765,0.356,160.159,20.446
1.3,2.361,0.923,2.766,0.412,158.964,23.578
1.4,2.435,0.914,2.775,0.375,159.779,21.5
1.5,2.522,0.897,2.765,0.299,160.922,17.143
1.6,2.299,0.892,2.758,0.391,159.121,22.498
1.7,2.451,0.921,2.774,0.362,159.821,20.772
1.8,2.461,0.932,2.777,0.375,159.661,21.49
1.9,2.39,0.931,2.779,0.377,159.54,21.536
2.0,2.283,0.933,2.761,0.433,158.367,24.705
2.1,1.992,0.897,2.726,0.509,156.461,29.062
2.2,2.226,0.906,2.734,0.441,158.228,25.427
2.3,2.361,0.898,2.761,0.337,160.007,19.458
2.4,2.453,0.865,2.745,0.291,161.035,17.007
2.5,2.372,0.909,2.757,0.373,159.637,21.464
2.6,2.312,0.921,2.744,0.428,158.426,24.675
2.7,2.235,0.906,2.755,0.435,158.274,24.911
2.8,2.3,0.917,2.759,0.415,158.729,23.773
2.9,2.313,0.908,2.759,0.41,158.824,23.524
3.0,2.332,0.917,2.756,0.428,158.551,24.54
3.1,2.389,0.896,2.756,0.352,159.88,20.27
3.2,2.408,0.907,2.781,0.354,159.796,20.194
3.3,2.391,0.915,2.781,0.37,159.575,21.091
3.4,2.367,0.919,2.772,0.399,159.237,22.757
3.5,2.405,0.916,2.774,0.368,159.671,21.021
3.6,2.42,0.923,2.778,0.367,159.755,20.961
3.7,2.478,0.923,2.765,0.353,160.119,20.241
3.8,2.519,0.936,2.773,0.349,160.206,20.032
3.9,2.5,0.924,2.779,0.334,160.196,19.197
4.0,2.527,0.927,2.76,0.342,160.179,19.722
4.1,2.561,0.923,2.763,0.317,160.656,18.219
4.2,2.359,0.923,2.775,0.396,159.122,22.531
4.3,2.255,0.897,2.769,0.433,158.384,24.585
4.4,2.366,0.925,2.771,0.394,159.297,22.505
4.5,2.453,0.92,2.764,0.366,159.801,20.996
4.6,2.415,0.916,2.754,0.362,159.902,20.866
4.7,2.338,0.916,2.76,0.377,159.533,21.673
4.8,2.288,0.916,2.751,0.418,158.738,24.0
4.9,2.261,0.916,2.744,0.436,158.29,25.053
5.0,2.549,0.943,2.78,0.343,160.142,19.602
5.1,2.598,0.939,2.779,0.332,160.394,19.075
5.2,2.435,0.912,2.785,0.334,160.348,19.06
5.3,2.424,0.917,2.77,0.38,159.689,21.763
5.4,2.412,0.929,2.771,0.384,159.396,21.964
5.5,2.413,0.924,2.77,0.384,159.407,21.926
5.6,2.45,0.906,2.777,0.345,160.199,19.742
5.7,2.48,0.922,2.781,0.348,160.064,19.846
5.8,2.48,0.933,2.779,0.363,159.877,20.734
5.9,2.437,0.926,2.78,0.369,159.768,21.044
6.0,2.407,0.929,2.776,0.406,159.166,23.149
6.1,2.384,0.919,2.786,0.391,159.292,22.221
6.2,2.378,0.924,2.78,0.402,159.159,22.928
6.3,2.41,0.923,2.781,0.397,159.164,22.606
6.4,2.37,0.923,2.793,0.376,159.538,21.38
6.5,2.362,0.928,2.786,0.399,159.124,22.708
6.6,2.38,0.922,2.788,0.39,159.241,22.189
6.7,2.372,0.917,2.792,0.375,159.595,21.303
6.8,2.353,0.932,2.786,0.399,159.173,22.682
6.9,2.366,0.924,2.783,0.412,159.004,23.462
7.0,2.387,0.925,2.778,0.424,158.667,24.098
