#z(nm),hydrogen bonding,err
-7.0,2.363,0.941,2.786,0.398,159.111,22.582
-6.9,2.351,0.92,2.788,0.396,159.122,22.5
-6.8,2.353,0.931,2.783,0.406,159.068,23.131
-6.7,2.353,0.92,2.78,0.421,158.772,23.928
-6.6,2.343,0.936,2.785,0.409,158.912,23.194
-6.5,2.37,0.925,2.787,0.397,159.11,22.58
-6.4,2.375,0.929,2.785,0.402,159.063,22.92
-6.3,2.353,0.923,2.786,0.403,158.99,22.91
-6.2,2.372,0.938,2.783,0.406,159.033,23.141
-6.1,2.362,0.924,2.788,0.398,159.176,22.584
-6.0,2.355,0.933,2.783,0.402,159.182,22.891
-5.9,2.372,0.922,2.786,0.404,159.102,22.981
-5.8,2.358,0.931,2.78,0.423,158.759,24.063
-5.7,2.36,0.929,2.786,0.397,159.163,22.624
-5.6,2.359,0.934,2.782,0.412,158.937,23.483
-5.5,2.382,0.925,2.791,0.384,159.351,21.81
-5.4,2.365,0.936,2.78,0.416,158.84,23.642
-5.3,2.373,0.925,2.787,0.39,159.382,22.159
-5.2,2.375,0.927,2.787,0.397,159.077,22.576
-5.1,2.373,0.929,2.777,0.423,158.747,24.072
-5.0,2.375,0.929,2.782,0.401,159.219,22.869
-4.9,2.36,0.929,2.775,0.42,158.688,23.959
-4.8,2.354,0.908,2.783,0.376,159.506,21.454
-4.7,2.342,0.909,2.779,0.401,159.056,22.82
-4.6,2.379,0.911,2.788,0.383,159.533,21.831
-4.5,2.354,0.915,2.782,0.395,159.198,22.544
-4.4,2.357,0.931,2.776,0.401,159.149,22.895
-4.3,2.363,0.913,2.77,0.409,158.876,23.379
-4.2,2.37,0.918,2.765,0.408,159.065,23.406
-4.1,2.332,0.899,2.77,0.363,159.697,20.821
-4.0,2.285,0.918,2.76,0.408,158.863,23.374
-3.9,2.252,0.888,2.751,0.404,158.756,23.194
-3.8,2.269,0.925,2.753,0.445,158.184,25.471
-3.7,2.375,0.922,2.758,0.402,159.1,23.014
-3.6,2.208,0.921,2.74,0.441,158.097,25.33
-3.5,2.269,0.931,2.737,0.44,158.173,25.228
-3.4,2.537,0.908,2.739,0.308,160.649,17.979
-3.3,2.445,0.941,2.741,0.379,159.505,21.972
-3.2,2.699,0.918,2.738,0.268,161.184,15.836
-3.1,2.345,0.907,2.75,0.337,159.965,19.49
-3.0,2.374,0.883,2.752,0.33,160.154,19.148
-2.9,2.295,0.914,2.753,0.385,159.244,22.212
-2.8,2.606,0.909,2.777,0.287,160.841,16.582
-2.7,2.458,0.917,2.779,0.33,160.199,18.935
-2.6,2.351,0.909,2.769,0.386,159.42,22.108
-2.5,2.323,0.908,2.769,0.395,159.137,22.618
-2.4,2.338,0.914,2.776,0.369,159.428,21.105
-2.3,2.2,0.916,2.751,0.441,158.314,25.319
-2.2,2.496,0.886,2.744,0.325,160.472,18.767
-2.1,2.263,0.916,2.733,0.421,158.422,24.301
-2.0,2.353,0.915,2.754,0.39,159.169,22.502
-1.9,2.352,0.911,2.764,0.381,159.338,21.88
-1.8,2.4,0.909,2.768,0.37,159.655,21.254
-1.7,2.409,0.901,2.769,0.348,160.2,20.046
-1.6,2.13,0.884,2.721,0.387,158.995,22.506
-1.5,2.107,0.903,2.703,0.453,157.746,26.337
-1.4,2.378,0.897,2.773,0.37,159.527,21.202
-1.3,2.31,0.921,2.762,0.41,158.908,23.494
-1.2,2.374,0.941,2.765,0.402,159.122,23.061
-1.1,2.382,0.915,2.774,0.352,159.83,20.203
-1.0,2.297,0.911,2.746,0.409,158.802,23.571
-0.9,2.224,0.899,2.731,0.434,158.343,25.099
-0.8,2.322,0.921,2.756,0.411,158.735,23.565
-0.7,2.269,0.921,2.755,0.443,158.106,25.323
-0.6,2.412,0.96,2.768,0.395,159.188,22.683
-0.5,2.403,0.942,2.756,0.383,159.368,22.117
-0.4,2.268,0.882,2.763,0.397,159.008,22.669
-0.3,2.315,0.885,2.758,0.384,159.035,22.175
-0.2,2.407,0.919,2.773,0.368,159.264,21.07
-0.1,2.41,0.882,2.765,0.343,159.942,19.754
-0.0,2.389,0.913,2.764,0.351,159.828,20.177
0.1,2.456,0.92,2.77,0.362,159.825,20.715
0.2,2.331,0.901,2.762,0.366,159.643,21.016
0.3,2.366,0.924,2.762,0.4,159.1,22.854
0.4,2.438,0.925,2.775,0.353,159.882,20.251
0.5,2.396,0.939,2.769,0.388,159.292,22.278
0.6,2.222,0.921,2.735,0.475,157.519,27.243
0.7,2.32,0.9,2.744,0.39,159.282,22.543
0.8,2.296,0.922,2.762,0.408,158.785,23.375
0.9,2.067,0.9,2.739,0.502,156.787,28.637
1.0,2.346,0.923,2.775,0.387,159.272,22.114
1.1,2.335,0.911,2.769,0.408,158.916,23.297
1.2,2.423,0.873,2.787,0.342,160.186,19.554
1.3,2.388,0.93,2.767,0.375,159.577,21.565
1.4,2.302,0.919,2.753,0.429,158.581,24.642
1.5,2.324,0.916,2.765,0.404,158.944,23.101
1.6,2.341,0.913,2.757,0.403,159.084,23.157
1.7,2.319,0.922,2.752,0.413,158.782,23.763
1.8,2.321,0.919,2.774,0.411,158.839,23.379
1.9,2.386,0.921,2.775,0.398,159.245,22.754
2.0,2.341,0.907,2.771,0.382,159.365,21.818
2.1,2.294,0.914,2.754,0.402,158.894,23.123
2.2,2.205,0.88,2.751,0.428,158.521,24.636
2.3,2.23,0.901,2.741,0.439,158.16,25.191
2.4,2.194,0.885,2.752,0.418,158.549,23.949
2.5,2.297,0.922,2.748,0.424,158.605,24.339
2.6,2.066,0.93,2.736,0.53,156.111,30.086
2.7,2.159,0.919,2.746,0.483,157.435,27.538
2.8,2.362,0.933,2.758,0.406,158.982,23.282
2.9,2.227,0.888,2.744,0.411,158.682,23.667
3.0,2.299,0.902,2.766,0.396,159.012,22.668
3.1,2.282,0.929,2.753,0.425,158.561,24.369
3.2,2.359,0.92,2.765,0.404,158.971,23.106
3.3,2.445,0.937,2.777,0.387,159.421,22.13
3.4,2.399,0.929,2.781,0.384,159.249,21.91
3.5,2.419,0.921,2.783,0.377,159.518,21.526
3.6,2.393,0.916,2.78,0.375,159.537,21.402
3.7,2.345,0.926,2.766,0.421,158.681,24.063
3.8,2.37,0.927,2.781,0.372,159.498,21.204
3.9,2.373,0.922,2.767,0.389,159.186,22.235
4.0,2.353,0.928,2.77,0.397,159.135,22.747
4.1,2.393,0.934,2.772,0.411,158.952,23.538
4.2,2.396,0.912,2.79,0.363,159.785,20.658
4.3,2.324,0.924,2.768,0.411,158.877,23.484
4.4,2.256,0.924,2.759,0.439,158.256,25.068
4.5,2.287,0.917,2.769,0.418,158.671,23.826
4.6,2.365,0.923,2.771,0.41,158.997,23.421
4.7,2.403,0.917,2.782,0.364,159.789,20.799
4.8,2.366,0.923,2.773,0.405,159.054,23.107
4.9,2.367,0.929,2.779,0.404,159.061,23.0
5.0,2.344,0.909,2.776,0.401,159.019,22.878
5.1,2.352,0.918,2.769,0.429,158.661,24.46
5.2,2.381,0.924,2.773,0.413,158.795,23.536
5.3,2.376,0.92,2.783,0.387,159.319,22.027
5.4,2.376,0.929,2.782,0.405,159.011,23.024
5.5,2.391,0.918,2.787,0.391,159.297,22.298
5.6,2.378,0.921,2.783,0.398,159.221,22.691
5.7,2.375,0.924,2.787,0.382,159.413,21.754
5.8,2.388,0.914,2.792,0.374,159.626,21.274
5.9,2.385,0.925,2.781,0.41,158.927,23.323
6.0,2.375,0.933,2.774,0.431,158.615,24.527
6.1,2.356,0.914,2.785,0.402,159.095,22.902
6.2,2.367,0.919,2.794,0.378,159.482,21.45
6.3,2.364,0.931,2.775,0.431,158.57,24.562
6.4,2.374,0.925,2.783,0.407,158.961,23.143
6.5,2.362,0.934,2.786,0.401,159.141,22.833
6.6,2.373,0.919,2.789,0.385,159.395,21.917
6.7,2.362,0.929,2.78,0.417,158.792,23.727
6.8,2.362,0.917,2.789,0.393,159.162,22.336
6.9,2.358,0.925,2.786,0.401,159.136,22.825
7.0,2.371,0.924,2.782,0.408,159.004,23.242
