#z(nm),O-,O=C,OH,NC=O,NH2
-7.0,0.0,0.0,0.0,0.0,0.0
-6.9,0.0,0.001,0.001,0.0,0.001
-6.8,0.003,0.004,0.002,0.001,0.006
-6.7,0.005,0.007,0.003,0.002,0.008
-6.6,0.005,0.012,0.006,0.003,0.006
-6.5,0.002,0.006,0.004,0.003,0.006
-6.4,0.001,0.003,0.001,0.0,0.01
-6.3,0.002,0.006,0.001,0.003,0.017
-6.2,0.004,0.03,0.0,0.023,0.056
-6.1,0.01,0.12,0.008,0.094,0.137
-6.0,0.079,0.309,0.044,0.216,0.238
-5.9,0.188,0.524,0.096,0.403,0.351
-5.8,0.26,0.586,0.109,0.446,0.368
-5.7,0.253,0.757,0.122,0.577,0.417
-5.6,0.308,0.945,0.123,0.742,0.539
-5.5,0.421,1.366,0.096,1.125,0.734
-5.4,0.478,1.886,0.093,1.563,0.885
-5.3,0.372,2.453,0.125,2.039,1.023
-5.2,0.414,2.819,0.132,2.271,0.954
-5.1,0.595,2.967,0.103,2.351,0.849
-5.0,0.668,3.22,0.082,2.634,0.732
-4.9,0.614,3.84,0.103,3.301,0.813
-4.8,0.677,4.448,0.137,3.837,1.018
-4.7,0.762,4.773,0.121,4.242,1.354
-4.6,0.94,5.296,0.153,4.99,1.437
-4.5,1.327,6.366,0.237,6.233,1.259
-4.4,1.638,7.326,0.152,7.352,1.201
-4.3,1.95,7.882,0.1,7.414,1.541
-4.2,1.89,7.795,0.089,7.498,2.477
-4.1,1.85,7.116,0.16,7.022,3.375
-4.0,1.752,8.756,0.311,8.71,2.834
-3.9,1.337,11.24,0.365,11.594,1.614
-3.8,0.929,11.849,0.56,12.266,1.081
-3.7,0.268,13.533,0.577,12.489,1.048
-3.6,0.195,13.972,0.431,10.827,1.439
-3.5,0.575,11.304,0.565,9.769,1.027
-3.4,1.078,9.675,0.765,8.78,0.804
-3.3,1.263,9.173,0.626,8.199,0.354
-3.2,1.255,8.865,0.583,7.762,0.368
-3.1,1.671,8.375,0.693,7.426,0.456
-3.0,2.912,8.296,0.81,7.419,0.511
-2.9,1.668,9.657,1.087,8.501,0.641
-2.8,0.938,11.225,1.419,9.442,0.643
-2.7,1.425,10.719,0.796,9.413,0.766
-2.6,1.765,10.978,0.77,9.329,0.802
-2.5,1.162,11.405,1.104,9.743,0.903
-2.4,1.194,10.621,0.634,9.637,0.636
-2.3,1.318,9.469,0.369,9.191,0.558
-2.2,1.002,11.184,0.379,11.246,0.652
-2.1,0.863,11.297,0.451,11.148,0.345
-2.0,0.756,11.236,0.479,10.839,0.122
-1.9,1.203,10.22,0.591,9.677,0.163
-1.8,1.077,10.237,0.785,8.897,0.336
-1.7,1.092,10.052,0.711,9.077,0.652
-1.6,1.085,10.152,0.535,9.367,1.157
-1.5,1.007,10.713,0.414,9.799,1.493
-1.4,1.392,12.262,0.556,11.018,1.151
-1.3,1.236,12.131,0.844,11.197,1.124
-1.2,0.967,11.094,0.977,10.424,1.445
-1.1,0.723,10.332,0.727,10.302,1.575
-1.0,0.895,9.713,0.81,9.382,1.558
-0.9,1.053,9.843,1.151,9.315,1.018
-0.8,0.807,10.39,0.835,10.074,0.668
-0.7,0.52,10.743,0.813,10.268,0.403
-0.6,0.288,11.24,1.056,10.076,0.45
-0.5,0.356,10.752,0.613,9.536,0.704
-0.4,0.468,10.762,0.434,10.138,0.864
-0.3,0.909,10.628,0.513,10.528,0.693
-0.2,0.897,11.195,0.566,10.934,0.459
-0.1,0.691,12.982,0.532,11.891,0.49
-0.0,1.364,12.488,0.814,11.197,0.738
0.1,2.464,10.31,1.236,10.061,0.383
0.2,2.298,9.393,0.929,9.457,0.146
0.3,2.212,9.393,0.624,9.2,0.487
0.4,2.083,11.216,0.432,10.517,0.537
0.5,2.372,11.467,0.536,10.888,0.691
0.6,2.843,10.657,0.442,10.66,1.116
0.7,3.852,9.806,0.627,9.922,1.346
0.8,3.491,9.549,0.412,9.74,1.163
0.9,1.589,8.562,0.068,8.912,1.193
1.0,0.715,8.54,0.113,9.246,1.377
1.1,1.681,9.07,0.152,9.408,2.0
1.2,2.526,8.651,0.079,8.9,1.663
1.3,1.092,9.749,0.074,9.428,1.46
1.4,0.794,9.842,0.087,9.458,1.542
1.5,0.283,11.001,0.113,10.546,1.868
1.6,0.115,10.206,0.199,9.544,1.852
1.7,0.213,10.528,0.194,9.606,1.499
1.8,0.229,11.151,0.317,10.183,1.253
1.9,0.149,11.072,0.21,9.07,1.788
2.0,0.156,10.152,0.062,7.927,2.131
2.1,0.335,8.987,0.015,7.16,1.834
2.2,0.374,8.929,0.008,7.279,1.444
2.3,0.24,9.592,0.021,9.046,1.174
2.4,0.198,10.266,0.042,10.527,1.121
2.5,0.129,11.272,0.108,11.435,0.879
2.6,0.144,12.466,0.276,12.232,0.67
2.7,0.219,12.856,0.235,12.042,0.968
2.8,0.144,11.5,0.06,10.974,1.376
2.9,0.069,9.429,0.045,10.016,1.35
3.0,0.146,8.692,0.089,9.216,1.539
3.1,0.262,9.237,0.052,9.164,1.6
3.2,0.448,8.716,0.012,9.108,1.284
3.3,0.423,8.762,0.006,8.615,1.077
3.4,0.411,8.102,0.0,7.731,0.918
3.5,0.325,7.37,0.0,7.113,0.909
3.6,0.775,7.831,0.007,7.408,1.147
3.7,1.167,7.759,0.043,7.331,1.077
3.8,0.924,7.912,0.189,7.301,0.981
3.9,0.575,7.461,0.15,7.107,1.012
4.0,0.568,7.473,0.149,7.089,0.981
4.1,0.777,7.067,0.132,6.752,0.798
4.2,0.851,6.086,0.14,5.93,0.561
4.3,0.782,6.505,0.091,6.172,0.594
4.4,0.773,7.536,0.111,7.28,0.541
4.5,0.812,6.874,0.08,6.667,0.406
4.6,0.901,5.987,0.052,5.681,0.237
4.7,0.915,5.45,0.031,5.301,0.244
4.8,1.206,4.797,0.056,4.895,0.2
4.9,1.683,4.195,0.079,4.323,0.188
5.0,1.459,4.19,0.111,4.265,0.255
5.1,1.346,4.337,0.11,4.364,0.225
5.2,1.205,4.008,0.126,4.024,0.176
5.3,1.058,3.448,0.12,3.249,0.131
5.4,1.056,2.956,0.158,2.587,0.174
5.5,1.091,2.31,0.187,1.928,0.19
5.6,0.983,1.709,0.178,1.41,0.182
5.7,0.806,1.096,0.11,0.883,0.126
5.8,0.824,0.688,0.054,0.467,0.086
5.9,0.705,0.563,0.068,0.291,0.07
6.0,0.606,0.491,0.072,0.276,0.078
6.1,0.559,0.432,0.05,0.251,0.085
6.2,0.411,0.229,0.032,0.125,0.093
6.3,0.234,0.09,0.017,0.045,0.071
6.4,0.108,0.036,0.007,0.025,0.032
6.5,0.074,0.025,0.003,0.023,0.021
6.6,0.047,0.013,0.001,0.014,0.025
6.7,0.02,0.004,0.0,0.003,0.008
6.8,0.004,0.002,0.001,0.0,0.003
6.9,0.002,0.002,0.001,0.001,0.001
7.0,0.005,0.005,0.002,0.003,0.002
