#z(nm),hydrogen bonding,err
-7.0,1.947,0.999,2.832,0.662,154.95,35.571
-6.9,1.918,0.997,2.828,0.67,154.563,35.977
-6.8,1.912,0.987,2.818,0.692,154.037,37.253
-6.7,1.925,0.989,2.834,0.661,154.955,35.455
-6.6,1.933,1.004,2.823,0.677,154.387,36.423
-6.5,1.916,0.991,2.824,0.68,154.313,36.524
-6.4,1.929,0.997,2.837,0.661,154.916,35.421
-6.3,1.926,1.002,2.828,0.666,154.812,35.848
-6.2,1.895,0.992,2.815,0.694,154.056,37.312
-6.1,1.915,1.001,2.815,0.701,153.762,37.674
-6.0,1.933,1.009,2.827,0.681,154.387,36.562
-5.9,1.919,1.001,2.825,0.686,154.155,36.791
-5.8,1.9,0.983,2.828,0.674,154.644,36.187
-5.7,1.914,1.004,2.812,0.698,153.872,37.627
-5.6,1.905,1.006,2.81,0.708,153.551,38.072
-5.5,1.881,0.999,2.802,0.726,153.108,39.088
-5.4,1.898,0.989,2.817,0.695,153.963,37.354
-5.3,1.857,0.993,2.797,0.729,153.092,39.275
-5.2,1.876,0.989,2.811,0.703,153.737,37.82
-5.1,1.861,1.0,2.792,0.735,152.837,39.651
-5.0,1.852,1.002,2.781,0.746,152.373,40.322
-4.9,1.832,1.008,2.768,0.774,151.509,41.752
-4.8,1.831,0.991,2.788,0.739,152.61,39.846
-4.7,1.807,0.978,2.777,0.756,152.182,40.827
-4.6,1.779,0.983,2.763,0.776,151.48,41.955
-4.5,1.788,0.986,2.762,0.782,151.344,42.265
-4.4,1.745,0.974,2.752,0.795,150.86,43.024
-4.3,1.673,0.992,2.689,0.902,146.886,48.726
-4.2,1.629,1.024,2.621,0.997,142.642,53.783
-4.1,1.657,1.017,2.641,0.97,143.924,52.379
-4.0,1.627,0.982,2.669,0.925,145.954,50.004
-3.9,1.562,0.916,2.691,0.885,147.989,48.168
-3.8,1.67,0.913,2.749,0.776,151.505,42.195
-3.7,1.683,0.959,2.714,0.85,148.826,46.089
-3.6,1.525,1.031,2.53,1.12,136.438,59.882
-3.5,1.613,1.007,2.617,0.993,142.703,53.661
-3.4,1.67,1.001,2.669,0.929,145.617,50.18
-3.3,1.601,1.023,2.578,1.04,140.431,56.148
-3.2,1.609,1.01,2.609,1.008,142.118,54.378
-3.1,1.646,0.992,2.663,0.94,145.348,50.784
-3.0,1.585,0.996,2.61,1.006,142.206,54.306
-2.9,1.669,0.965,2.695,0.886,147.049,47.832
-2.8,1.62,0.924,2.695,0.87,147.235,46.981
-2.7,1.683,0.979,2.711,0.856,148.396,46.327
-2.6,1.702,1.009,2.678,0.909,146.535,49.206
-2.5,1.71,0.998,2.686,0.897,147.126,48.62
-2.4,1.593,0.982,2.618,0.998,142.589,53.882
-2.3,1.644,0.985,2.67,0.948,144.894,50.965
-2.2,1.55,0.929,2.66,0.952,144.676,51.263
-2.1,1.659,0.914,2.752,0.792,150.995,42.85
-2.0,1.725,0.965,2.757,0.805,150.589,43.411
-1.9,1.668,0.952,2.727,0.847,149.039,45.712
-1.8,1.672,0.981,2.681,0.909,146.58,49.172
-1.7,1.666,0.975,2.685,0.89,147.236,48.307
-1.6,1.707,0.966,2.731,0.83,149.586,44.889
-1.5,1.687,0.978,2.732,0.861,148.64,46.23
-1.4,1.471,0.984,2.52,1.1,137.021,59.368
-1.3,1.512,0.984,2.582,1.027,141.077,55.639
-1.2,1.598,0.931,2.694,0.87,148.05,47.227
-1.1,1.591,0.899,2.704,0.848,149.102,46.143
-1.0,1.692,0.944,2.742,0.807,150.429,43.654
-0.9,1.724,0.944,2.753,0.783,150.899,42.352
-0.8,1.681,0.939,2.736,0.802,150.507,43.534
-0.7,1.649,0.938,2.705,0.858,148.418,46.528
-0.6,1.62,0.952,2.7,0.908,146.716,48.765
-0.5,1.627,0.941,2.709,0.863,148.408,46.7
-0.4,1.662,0.936,2.725,0.82,149.99,44.525
-0.3,1.676,0.94,2.729,0.822,149.942,44.621
-0.2,1.761,0.996,2.765,0.792,151.146,42.699
-0.1,1.672,0.919,2.757,0.766,151.917,41.616
-0.0,1.646,0.917,2.732,0.807,150.382,43.878
0.1,1.687,0.929,2.755,0.784,151.246,42.455
0.2,1.648,0.974,2.681,0.917,146.018,49.43
0.3,1.666,0.959,2.697,0.886,147.438,47.91
0.4,1.501,0.982,2.54,1.063,138.933,57.68
0.5,1.521,1.003,2.533,1.075,138.465,58.309
0.6,1.509,0.963,2.575,1.041,140.436,56.294
0.7,1.499,0.995,2.524,1.104,137.057,59.514
0.8,1.531,1.003,2.553,1.073,138.71,57.863
0.9,1.677,0.988,2.688,0.902,146.88,48.775
1.0,1.701,0.97,2.731,0.831,149.549,44.913
1.1,1.573,0.963,2.637,0.967,143.974,52.284
1.2,1.57,0.978,2.611,1.008,142.09,54.391
1.3,1.629,0.95,2.675,0.894,147.086,48.638
1.4,1.621,0.963,2.658,0.933,145.525,50.553
1.5,1.632,0.934,2.709,0.846,148.919,45.942
1.6,1.695,0.946,2.743,0.8,150.575,43.369
1.7,1.707,0.948,2.739,0.808,150.464,43.789
1.8,1.66,0.961,2.702,0.877,147.88,47.472
1.9,1.689,0.978,2.714,0.868,148.321,46.917
2.0,1.715,1.006,2.691,0.899,146.911,48.525
2.1,1.677,1.024,2.639,0.965,143.988,52.164
2.2,1.605,1.016,2.604,1.012,141.916,54.639
2.3,1.623,0.969,2.663,0.935,145.376,50.513
2.4,1.672,0.947,2.726,0.827,149.721,44.868
2.5,1.763,0.944,2.772,0.731,152.816,39.685
2.6,1.691,0.918,2.764,0.739,152.565,40.206
2.7,1.705,0.93,2.764,0.752,152.311,40.84
2.8,1.737,0.937,2.789,0.746,152.492,40.12
2.9,1.711,0.928,2.763,0.773,151.585,41.831
3.0,1.74,0.956,2.764,0.775,151.461,41.859
3.1,1.669,0.966,2.696,0.88,147.768,47.681
3.2,1.665,0.965,2.69,0.886,147.499,48.039
3.3,1.688,0.973,2.71,0.861,148.467,46.595
3.4,1.707,0.992,2.696,0.884,147.669,47.873
3.5,1.758,0.971,2.759,0.788,151.043,42.523
3.6,1.754,0.971,2.753,0.799,150.757,43.171
3.7,1.742,0.981,2.735,0.829,149.682,44.814
3.8,1.771,0.986,2.755,0.795,150.781,42.957
3.9,1.773,0.975,2.762,0.777,151.266,41.982
4.0,1.783,0.982,2.768,0.776,151.398,41.862
4.1,1.751,0.995,2.738,0.836,149.402,45.044
4.2,1.763,0.99,2.751,0.818,150.077,44.02
4.3,1.776,0.987,2.752,0.804,150.605,43.453
4.4,1.75,0.978,2.747,0.806,150.364,43.539
4.5,1.774,0.975,2.761,0.776,151.511,41.993
4.6,1.787,0.979,2.758,0.782,151.208,42.301
4.7,1.801,0.979,2.774,0.764,151.838,41.224
4.8,1.799,0.992,2.755,0.808,150.387,43.532
4.9,1.784,1.015,2.741,0.839,149.31,45.121
5.0,1.801,0.993,2.766,0.792,151.07,42.673
5.1,1.825,0.989,2.779,0.753,152.262,40.706
5.2,1.817,0.989,2.77,0.772,151.574,41.67
5.3,1.85,0.992,2.788,0.743,152.528,40.038
5.4,1.865,1.001,2.795,0.733,152.931,39.482
5.5,1.857,1.005,2.781,0.763,151.843,41.1
5.6,1.871,0.986,2.816,0.699,153.885,37.557
5.7,1.901,1.017,2.802,0.73,152.875,39.233
5.8,1.899,1.005,2.801,0.737,152.629,39.607
5.9,1.91,1.016,2.81,0.709,153.595,38.147
6.0,1.911,0.996,2.825,0.68,154.495,36.577
6.1,1.915,1.012,2.808,0.72,153.197,38.668
6.2,1.904,1.016,2.807,0.715,153.384,38.462
6.3,1.912,0.997,2.822,0.693,154.009,37.177
6.4,1.929,1.013,2.822,0.692,154.034,37.124
6.5,1.929,1.007,2.819,0.69,154.072,37.096
6.6,1.945,1.001,2.838,0.652,155.065,34.945
6.7,1.918,1.01,2.816,0.7,153.816,37.642
6.8,1.918,0.988,2.833,0.657,155.109,35.318
6.9,1.944,1.0,2.83,0.674,154.566,36.172
7.0,1.929,0.987,2.836,0.65,155.132,34.893
