#z(nm),hydrogen bonding,err
-7.0,1.941,0.989,2.848,0.625,155.769,33.491
-6.9,1.921,0.996,2.83,0.669,154.654,35.963
-6.8,1.969,0.999,2.851,0.628,155.736,33.633
-6.7,1.938,0.986,2.848,0.627,155.876,33.603
-6.6,1.938,0.994,2.843,0.633,155.633,33.993
-6.5,1.953,0.995,2.852,0.62,156.005,33.227
-6.4,1.956,1.004,2.842,0.64,155.474,34.38
-6.3,1.964,1.0,2.853,0.62,156.001,33.204
-6.2,1.914,0.987,2.835,0.654,155.155,35.112
-6.1,1.947,0.99,2.839,0.646,155.382,34.708
-6.0,1.96,0.982,2.847,0.628,155.775,33.685
-5.9,1.934,0.986,2.841,0.641,155.308,34.411
-5.8,1.942,0.986,2.841,0.64,155.512,34.366
-5.7,1.929,0.994,2.842,0.644,155.449,34.562
-5.6,1.933,1.005,2.834,0.655,155.051,35.197
-5.5,1.917,0.985,2.834,0.66,155.034,35.432
-5.4,1.91,0.985,2.832,0.671,154.592,35.96
-5.3,1.917,1.002,2.822,0.672,154.582,36.184
-5.2,1.926,0.99,2.84,0.645,155.335,34.627
-5.1,1.916,0.99,2.829,0.663,154.838,35.68
-5.0,1.887,0.978,2.826,0.667,154.771,35.874
-4.9,1.909,0.979,2.833,0.657,155.049,35.323
-4.8,1.872,0.983,2.833,0.664,154.93,35.601
-4.7,1.845,0.974,2.81,0.707,153.51,38.011
-4.6,1.854,0.979,2.816,0.685,154.216,36.844
-4.5,1.839,0.953,2.824,0.663,154.94,35.697
-4.4,1.811,0.98,2.775,0.753,152.268,40.732
-4.3,1.849,0.964,2.808,0.689,154.167,37.225
-4.2,1.791,0.961,2.794,0.73,152.879,39.354
-4.1,1.833,0.963,2.816,0.676,154.449,36.4
-4.0,1.818,0.975,2.798,0.724,153.018,38.968
-3.9,1.72,0.935,2.784,0.747,152.348,40.191
-3.8,1.705,0.914,2.777,0.73,153.03,39.603
-3.7,1.687,0.967,2.726,0.83,149.55,44.951
-3.6,1.681,0.923,2.793,0.775,151.465,41.329
-3.5,1.711,0.933,2.773,0.768,151.546,41.353
-3.4,1.784,0.961,2.805,0.735,152.542,39.367
-3.3,1.759,0.934,2.801,0.713,153.482,38.438
-3.2,1.748,0.928,2.799,0.702,153.837,37.956
-3.1,1.708,0.918,2.766,0.76,151.963,41.13
-3.0,1.595,0.984,2.619,0.977,143.414,52.996
-2.9,1.387,1.06,2.337,1.268,125.822,67.864
-2.8,1.577,1.086,2.491,1.122,135.542,60.673
-2.7,1.668,0.996,2.675,0.904,146.468,48.988
-2.6,1.706,0.919,2.783,0.732,152.909,39.613
-2.5,1.69,0.938,2.754,0.786,151.024,42.502
-2.4,1.743,0.956,2.757,0.777,151.377,42.047
-2.3,1.748,0.945,2.778,0.727,152.935,39.405
-2.2,1.744,0.934,2.77,0.748,152.405,40.542
-2.1,1.79,0.949,2.773,0.728,152.988,39.613
-2.0,1.724,0.916,2.778,0.715,153.237,38.825
-1.9,1.758,0.939,2.793,0.7,153.818,37.891
-1.8,1.72,0.926,2.787,0.717,153.341,38.829
-1.7,1.741,0.93,2.783,0.73,152.975,39.421
-1.6,1.758,0.943,2.78,0.732,152.9,39.686
-1.5,1.774,0.945,2.786,0.707,153.63,38.313
-1.4,1.717,0.909,2.782,0.71,153.474,38.589
-1.3,1.68,0.912,2.753,0.77,151.235,41.692
-1.2,1.742,0.926,2.79,0.716,153.409,38.699
-1.1,1.761,0.951,2.78,0.738,152.69,39.907
-1.0,1.714,0.992,2.707,0.865,148.253,46.84
-0.9,1.663,0.991,2.679,0.908,146.566,49.171
-0.8,1.534,0.889,2.687,0.851,148.701,46.53
-0.7,1.587,0.889,2.747,0.769,151.648,41.899
-0.6,1.634,0.919,2.738,0.802,150.473,43.443
-0.5,1.597,0.906,2.716,0.839,149.278,45.575
-0.4,1.608,0.898,2.725,0.81,150.155,44.106
-0.3,1.599,0.914,2.708,0.835,148.884,45.366
-0.2,1.524,0.86,2.719,0.778,151.229,42.686
-0.1,1.449,0.849,2.658,0.876,147.592,48.132
-0.0,1.609,0.902,2.724,0.818,149.91,44.451
0.1,1.592,0.921,2.767,0.953,144.682,49.288
0.2,1.731,0.944,2.78,0.797,150.762,42.536
0.3,1.697,0.897,2.74,0.755,151.933,41.273
0.4,1.666,0.913,2.757,0.779,151.328,42.132
0.5,1.589,0.892,2.734,0.805,150.454,43.721
0.6,1.683,0.939,2.757,0.798,150.917,43.097
0.7,1.745,0.958,2.769,0.767,151.803,41.438
0.8,1.81,0.938,2.808,0.665,154.771,35.972
0.9,1.775,0.949,2.793,0.713,153.408,38.562
1.0,1.757,0.933,2.798,0.694,154.034,37.551
1.1,1.785,0.937,2.806,0.679,154.411,36.728
1.2,1.782,0.949,2.798,0.71,153.654,38.392
1.3,1.746,0.946,2.77,0.762,152.016,41.23
1.4,1.672,0.917,2.749,0.777,151.607,42.288
1.5,1.726,0.942,2.765,0.765,151.984,41.415
1.6,1.771,0.941,2.799,0.702,153.859,37.941
1.7,1.798,0.978,2.804,0.717,153.279,38.509
1.8,1.827,1.003,2.786,0.741,152.521,39.997
1.9,1.734,0.941,2.792,0.728,152.91,39.194
2.0,1.747,0.935,2.801,0.729,153.059,39.237
2.1,1.583,0.96,2.653,0.943,145.101,51.04
2.2,1.444,0.978,2.515,1.105,137.005,59.738
2.3,1.665,0.945,2.733,0.843,149.467,45.543
2.4,1.73,0.943,2.778,0.748,152.681,40.458
2.5,1.744,0.969,2.771,0.79,150.857,42.418
2.6,1.731,0.966,2.754,0.815,150.11,43.824
2.7,1.703,0.925,2.784,0.752,152.377,40.468
2.8,1.754,0.956,2.767,0.769,151.583,41.565
2.9,1.747,0.949,2.771,0.77,151.582,41.568
3.0,1.804,0.954,2.807,0.696,153.88,37.537
3.1,1.745,0.941,2.78,0.726,153.046,39.331
3.2,1.79,0.944,2.803,0.702,153.878,37.877
3.3,1.828,0.954,2.814,0.684,154.3,36.84
3.4,1.751,0.924,2.795,0.714,153.512,38.567
3.5,1.644,0.908,2.745,0.79,150.933,42.878
3.6,1.618,0.894,2.755,0.76,151.866,41.262
3.7,1.759,0.931,2.799,0.705,153.745,38.077
3.8,1.792,0.935,2.806,0.682,154.306,36.861
3.9,1.788,0.943,2.796,0.72,153.378,38.91
4.0,1.805,0.954,2.801,0.702,153.885,37.954
4.1,1.792,0.939,2.797,0.7,153.777,37.877
4.2,1.766,0.946,2.786,0.717,153.339,38.86
4.3,1.805,0.952,2.805,0.686,154.265,37.093
4.4,1.84,0.961,2.815,0.685,154.255,36.884
4.5,1.884,0.964,2.835,0.654,155.047,35.092
4.6,1.877,0.965,2.832,0.649,155.231,34.897
4.7,1.85,0.96,2.817,0.677,154.481,36.453
4.8,1.873,0.964,2.83,0.64,155.439,34.475
4.9,1.877,0.966,2.832,0.647,155.205,34.8
5.0,1.9,0.974,2.841,0.634,155.718,34.031
5.1,1.881,0.984,2.813,0.688,154.131,37.05
5.2,1.901,0.979,2.824,0.673,154.624,36.25
5.3,1.925,0.994,2.836,0.648,155.303,34.865
5.4,1.922,0.999,2.83,0.653,155.093,35.137
5.5,1.927,0.993,2.838,0.643,155.404,34.51
5.6,1.94,1.002,2.837,0.646,155.238,34.679
5.7,1.922,1.001,2.817,0.691,154.099,37.212
5.8,1.95,0.987,2.843,0.637,155.498,34.177
5.9,1.96,0.983,2.858,0.612,156.165,32.723
6.0,1.924,0.981,2.832,0.653,155.013,35.127
6.1,1.941,0.992,2.849,0.615,156.168,33.017
6.2,1.918,0.99,2.831,0.657,155.053,35.313
6.3,1.928,0.976,2.854,0.607,156.3,32.545
6.4,1.942,0.987,2.849,0.624,155.85,33.466
6.5,1.926,0.992,2.84,0.642,155.456,34.524
6.6,1.936,0.983,2.846,0.634,155.621,34.005
6.7,1.944,0.993,2.843,0.632,155.674,33.931
6.8,1.963,0.987,2.856,0.608,156.283,32.568
6.9,1.942,0.989,2.843,0.638,155.591,34.272
7.0,1.957,1.004,2.837,0.645,155.449,34.678
