#z (nm),TMC1 LJ (kJ/mol),TMC1 Coul (kJ/mol),TCq1 LJ (kJ/mol),TCq1 Coul (kJ/mol),TMC2 LJ (kJ/mol),TMC2 Coul (kJ/mol),TCq2 LJ (kJ/mol),TCq2 Coul (kJ/mol),TMC3 LJ (kJ/mol),TMC3 Coul (kJ/mol),MPD1 LJ (kJ/mol),MPD1 Coul (kJ/mol),MPD2 LJ (kJ/mol),MPD2 Coul (kJ/mol),SOL LJ (kJ/mol),SOL Coul (kJ/mol),SOD LJ (kJ/mol),SOD Coul (kJ/mol)
-7.0,-0.0,-12.626,-0.0,228.862,-0.0,-280.882,0.0,0.0,-0.0,-1868.284,-0.0,165.425,-0.0,1994.535,57.338,-1024.33,-0.0,-154.865
-6.9,-0.0,-10.348,-0.0,208.519,-0.0,-264.39,0.0,0.0,-0.0,-1838.534,-0.0,158.088,-0.0,1949.282,56.432,-1033.121,-0.001,-119.064
-6.8,-0.0,-8.839,0.0,196.659,-0.0,-255.599,0.0,0.0,0.0,-1788.354,-0.001,150.3,0.0,1898.273,56.617,-1026.753,-0.0,-111.955
-6.7,-0.0,-8.568,0.0,191.338,-0.0,-250.625,0.0,0.0,-0.0,-1727.293,-0.001,144.278,-0.0,1839.54,57.178,-1019.064,-0.0,-113.68
-6.6,-0.0,-8.874,-0.0,182.564,0.0,-240.695,0.0,0.0,-0.0,-1660.136,-0.003,139.013,-0.0,1765.621,56.935,-1008.788,-0.0,-112.947
-6.5,-0.0,-8.17,-0.0,168.715,0.003,-226.657,0.0,0.0,-0.0,-1585.085,-0.009,132.671,-0.001,1683.503,56.361,-988.615,-0.001,-127.791
-6.4,-0.0,-6.098,0.0,160.947,-0.003,-211.995,0.0,0.0,-0.003,-1510.125,-0.007,123.714,-0.005,1601.96,56.76,-951.507,-0.001,-158.737
-6.3,-0.0,-4.347,-0.0,153.478,-0.022,-197.926,0.0,0.0,-0.007,-1453.2,-0.004,114.4,-0.012,1532.455,56.442,-932.009,-0.001,-160.258
-6.2,-0.0,-3.348,0.0,151.138,-0.024,-187.754,0.0,0.0,-0.012,-1424.494,-0.013,106.984,-0.013,1485.321,56.503,-956.681,-0.0,-119.39
-6.1,-0.0,-2.394,0.0,146.274,-0.004,-175.732,0.0,0.0,-0.02,-1383.658,-0.01,99.357,-0.012,1429.436,56.337,-981.986,-0.0,-77.781
-6.0,-0.0,-1.3,0.0,132.534,-0.009,-161.804,0.0,0.0,-0.02,-1317.692,-0.039,93.571,-0.02,1358.594,56.781,-980.606,-0.0,-68.906
-5.9,-0.0,-1.094,0.0,119.83,-0.025,-151.626,0.0,0.0,-0.011,-1257.017,-0.025,88.035,-0.029,1296.492,56.793,-978.045,-0.001,-65.006
-5.8,-0.0,-0.744,0.0,116.061,-0.031,-142.784,0.0,0.0,-0.021,-1200.849,-0.059,81.707,-0.044,1233.204,57.218,-975.362,-0.0,-59.806
-5.7,-0.0,-0.431,0.0,111.966,-0.031,-128.421,0.0,0.0,-0.031,-1129.426,-0.082,74.52,-0.06,1152.572,57.419,-955.809,-0.001,-70.778
-5.6,-0.0,-1.165,0.0,94.968,-0.018,-108.239,0.0,0.0,-0.054,-1038.711,0.033,65.363,-0.133,1053.244,57.315,-939.984,-0.0,-73.838
-5.5,-0.0,-2.1,-0.0,71.117,-0.035,-93.395,0.0,0.0,-0.057,-961.382,-0.04,61.259,-0.223,967.873,56.932,-948.847,-0.001,-49.808
-5.4,-0.0,-1.947,-0.0,54.801,-0.003,-85.983,0.0,0.0,-0.034,-906.027,-0.079,60.754,-0.259,902.656,56.615,-946.933,-0.001,-21.003
-5.3,-0.0,-0.837,-0.0,49.847,0.006,-75.217,0.0,0.0,-0.095,-835.491,0.037,50.692,-0.339,819.97,56.331,-926.976,-0.001,-19.254
-5.2,-0.0,-0.729,-0.0,46.675,0.023,-58.647,0.0,0.0,-0.093,-753.245,0.14,36.081,-0.392,727.341,56.293,-897.671,-0.001,-36.147
-5.1,-0.0,-1.437,-0.0,37.967,0.055,-41.38,0.0,0.0,-0.137,-676.791,0.049,23.222,-0.442,641.657,56.488,-882.207,-0.001,-45.554
-5.0,-0.0,-0.979,-0.0,25.525,0.186,-26.368,0.0,0.0,-0.083,-600.712,-0.176,10.319,-0.59,553.122,56.971,-864.527,-0.0,-44.008
-4.9,-0.0,1.058,0.0,11.191,0.083,-10.775,0.0,0.0,0.663,-519.052,-0.236,-3.031,-1.086,445.971,56.037,-835.733,-0.0,-42.036
-4.8,-0.003,3.385,-0.0,-2.491,0.226,4.172,0.0,0.0,1.805,-439.448,-0.331,-10.617,-1.443,344.44,54.877,-790.083,-0.0,-56.64
-4.7,-0.001,6.011,-0.0,-15.983,0.053,24.52,0.0,0.0,2.414,-364.064,0.006,-22.36,-1.762,245.556,54.017,-761.642,-0.0,-61.758
-4.6,-0.003,9.138,-0.005,-32.458,0.051,26.477,0.0,0.0,0.574,-282.755,-0.144,-14.354,-1.281,171.209,55.385,-763.188,-0.0,-56.136
-4.5,-0.007,9.485,-0.012,-58.229,0.032,30.071,0.0,0.0,0.259,-212.891,-0.105,-19.464,-1.347,88.926,56.078,-742.535,-0.001,-43.558
-4.4,-0.009,8.48,-0.004,-83.105,0.271,38.562,0.0,0.0,0.993,-130.031,0.037,-33.812,-1.813,-12.707,54.776,-711.743,-0.001,-24.886
-4.3,-0.006,6.547,-0.001,-105.265,0.12,50.002,0.0,0.0,3.728,-43.223,1.328,-71.366,-3.181,-148.522,50.225,-619.569,-0.0,-10.55
-4.2,-0.006,6.669,-0.001,-123.915,0.06,63.27,0.0,0.0,3.844,36.796,1.456,-87.276,-3.468,-251.909,52.444,-589.032,-0.0,3.164
-4.1,-0.018,12.736,-0.0,-135.454,-0.435,98.847,0.0,0.0,2.833,152.378,0.076,-57.755,-4.191,-378.715,54.745,-627.226,-0.0,-1.118
-4.0,-0.047,8.024,-0.003,-154.771,-0.089,115.874,0.0,0.0,2.944,216.551,-0.035,-54.585,-4.329,-442.949,53.427,-621.399,-0.0,-8.55
-3.9,0.109,-0.863,-0.019,-162.934,2.497,87.917,0.0,0.0,5.946,218.792,-0.934,-56.77,-3.271,-505.122,47.881,-540.238,-0.0,14.298
-3.8,-0.067,2.681,-0.02,-174.537,1.723,95.625,0.0,0.0,3.505,345.102,-0.815,-57.328,-3.317,-609.583,49.813,-593.004,-0.0,54.797
-3.7,0.064,8.805,-0.016,-181.373,3.846,94.979,0.0,0.0,2.259,449.507,-0.411,-57.89,-3.593,-697.727,50.232,-620.164,-0.0,68.234
-3.6,0.037,27.084,-0.001,-206.512,0.018,128.369,0.0,0.0,8.528,474.985,0.038,-58.875,-4.229,-812.285,47.975,-591.386,-0.002,78.116
-3.5,-0.027,28.748,2.517,-281.879,1.489,128.493,0.0,0.0,5.379,556.213,0.037,-64.351,-4.011,-877.095,46.727,-525.859,-0.001,75.515
-3.4,-0.02,20.34,5.829,-386.776,3.496,137.872,0.0,0.0,2.344,764.06,-0.137,-69.963,-4.595,-1013.24,50.032,-476.866,-0.0,61.057
-3.3,-0.012,19.309,1.491,-309.912,1.584,161.696,0.0,0.0,5.873,754.127,-0.427,-72.76,-5.246,-1102.697,49.591,-440.837,-0.0,32.801
-3.2,-0.002,15.793,0.563,-300.232,0.095,162.389,0.0,0.0,17.314,712.665,-1.35,-89.094,-6.07,-1150.954,42.489,-319.623,-0.0,13.917
-3.1,-0.004,23.482,4.723,-437.573,-0.476,213.777,0.0,0.0,5.914,867.652,-1.032,-93.245,-4.888,-1182.468,47.018,-434.537,-0.005,106.743
-3.0,0.043,23.468,1.64,-372.027,0.195,199.33,0.0,0.0,6.287,925.739,-1.404,-106.225,-4.751,-1267.983,50.272,-475.491,-0.011,152.755
-2.9,0.528,3.783,1.276,-329.624,0.81,216.953,0.0,0.0,3.595,960.992,-1.072,-77.434,-4.946,-1332.571,50.252,-491.45,-0.005,116.671
-2.8,0.137,19.177,0.271,-303.569,4.107,233.655,0.0,0.0,1.088,1045.129,1.991,-154.801,-4.5,-1378.656,49.13,-497.343,-0.002,121.055
-2.7,0.014,15.159,-0.039,-301.089,3.908,233.674,0.0,0.0,0.538,1080.084,0.893,-116.64,-4.171,-1456.774,50.313,-568.224,-0.002,183.16
-2.6,-0.049,14.111,-0.026,-314.872,2.233,247.035,0.0,0.0,0.795,1129.31,-0.411,-80.04,-3.27,-1510.445,53.741,-628.529,-0.003,206.252
-2.5,-0.204,21.932,-0.014,-332.379,0.917,268.87,0.0,0.0,0.986,1179.331,-0.169,-69.875,-3.165,-1555.27,55.262,-669.252,-0.004,210.821
-2.4,-0.228,27.106,0.012,-328.683,1.766,264.984,0.0,0.0,-0.743,1260.499,-0.261,-81.269,-4.031,-1588.685,57.232,-696.383,-0.002,189.996
-2.3,-0.209,26.468,1.188,-378.254,1.925,247.251,0.0,0.0,0.184,1309.147,-0.063,-87.728,-4.719,-1628.986,55.579,-598.597,-0.0,155.875
-2.2,-0.021,22.877,8.49,-644.02,1.985,257.403,0.0,0.0,4.447,1431.42,-0.602,-83.825,-4.49,-1735.095,43.3,-304.457,-0.0,95.446
-2.1,-0.066,23.157,1.58,-477.31,0.176,267.239,0.0,0.0,6.526,1404.409,-0.411,-95.94,-5.092,-1777.394,50.129,-390.58,-0.0,99.743
-2.0,-0.075,25.461,0.277,-443.738,0.25,269.683,0.0,0.0,4.572,1459.006,-0.219,-104.218,-4.705,-1823.625,54.009,-458.271,-0.0,127.751
-1.9,-0.022,21.555,0.429,-481.379,0.017,264.621,0.0,0.0,3.935,1535.214,-0.109,-105.742,-4.719,-1858.886,53.319,-509.576,-0.0,182.135
-1.8,-0.014,21.352,2.461,-588.564,-0.084,304.211,0.0,0.0,0.759,1593.792,-0.031,-103.581,-3.815,-1854.123,54.183,-504.814,-0.001,182.562
-1.7,-0.027,22.421,3.631,-621.984,0.338,326.277,0.0,0.0,0.59,1612.186,-0.032,-98.716,-3.885,-1871.141,53.493,-473.356,-0.001,156.603
-1.6,-0.012,24.508,0.517,-418.136,0.294,288.189,0.0,0.0,17.894,1516.724,-0.584,-115.394,-6.029,-2052.729,40.114,-320.792,-0.0,135.511
-1.5,-0.006,23.617,0.035,-391.527,1.709,281.079,0.0,0.0,15.846,1558.305,-0.567,-118.324,-6.467,-2080.985,40.285,-348.572,-0.0,129.919
-1.4,-0.004,24.332,0.01,-403.599,1.453,295.7,0.0,0.0,0.784,1710.192,-0.204,-138.396,-3.438,-1997.612,55.401,-575.865,-0.001,139.641
-1.3,-0.004,20.904,-0.001,-383.449,3.279,285.582,0.0,0.0,0.862,1721.809,-0.505,-149.347,-3.702,-2076.713,51.641,-517.409,-0.0,156.189
-1.2,-0.01,16.251,0.026,-390.787,0.498,305.586,0.0,0.0,4.217,1745.788,0.292,-158.329,-4.691,-2146.577,49.638,-439.73,-0.0,123.624
-1.1,-0.007,17.909,0.136,-409.504,0.012,314.146,0.0,0.0,4.715,1782.973,0.451,-161.721,-4.364,-2143.586,52.407,-456.313,-0.0,118.517
-1.0,-0.0,21.797,0.026,-458.536,-0.017,324.692,0.0,0.0,8.698,1697.876,-0.086,-127.988,-6.232,-2155.523,50.699,-397.4,-0.0,143.979
-0.9,-0.0,19.69,0.038,-437.885,-0.029,321.22,0.0,0.0,10.882,1723.162,-0.36,-134.639,-6.397,-2207.533,48.963,-406.447,-0.0,167.873
-0.8,-0.001,18.676,-0.016,-370.604,-0.044,319.584,0.0,0.0,5.897,1847.973,-0.544,-157.498,-5.057,-2245.023,51.761,-539.444,-0.0,175.646
-0.7,-0.003,19.669,-0.027,-367.309,-0.015,325.634,0.0,0.0,3.817,1880.461,0.015,-154.783,-4.371,-2267.302,53.211,-538.357,-0.0,140.757
-0.6,-0.001,16.532,0.002,-408.951,-0.016,303.461,0.0,0.0,2.865,1940.681,0.782,-181.882,-5.599,-2294.153,52.769,-503.328,-0.0,189.204
-0.5,-0.0,17.966,0.253,-459.154,-0.019,307.516,0.0,0.0,4.599,1945.149,-0.075,-170.848,-6.27,-2280.157,53.39,-457.064,-0.0,160.665
-0.4,-0.0,15.731,1.553,-495.327,0.015,302.957,0.0,0.0,3.24,1976.59,-0.045,-171.773,-5.094,-2296.152,51.989,-444.948,-0.0,164.43
-0.3,-0.0,14.53,1.722,-483.947,0.18,292.147,0.0,0.0,-0.188,2037.924,-0.224,-167.733,-6.493,-2305.729,57.767,-493.672,-0.0,174.866
-0.2,-0.0,11.57,3.779,-479.3,0.232,272.733,0.0,0.0,-0.19,2046.335,-0.389,-211.124,-5.103,-2269.933,51.049,-478.644,-0.001,178.698
-0.1,-0.0,12.136,3.345,-470.921,1.146,279.052,0.0,0.0,2.31,2048.745,0.197,-208.494,-4.3,-2292.443,50.246,-471.374,-0.001,167.641
-0.0,-0.002,14.743,1.056,-467.16,2.81,311.911,0.0,0.0,2.935,2048.75,-0.006,-152.098,-4.405,-2352.783,50.714,-506.244,-0.006,154.778
0.1,-0.008,13.984,4.454,-598.838,-0.025,340.323,0.0,0.0,0.342,2029.084,-0.063,-149.405,-3.009,-2286.57,51.97,-453.526,-0.023,162.061
0.2,-0.008,14.155,3.399,-517.586,0.713,284.546,0.0,0.0,2.663,2006.458,-0.145,-164.472,-3.734,-2276.936,49.497,-466.469,-0.023,166.371
0.3,-0.008,14.357,2.81,-500.856,1.391,272.674,0.0,0.0,0.421,2022.233,-0.177,-164.449,-3.026,-2278.356,51.115,-497.514,-0.013,183.028
0.4,-0.0,11.534,1.695,-388.389,0.38,294.4,0.0,0.0,-0.737,2016.045,-0.296,-178.0,-3.93,-2248.267,56.202,-591.193,-0.001,134.953
0.5,-0.001,10.957,0.384,-340.905,0.221,290.64,0.0,0.0,-1.225,2001.819,-0.608,-173.461,-4.047,-2231.59,57.883,-639.129,-0.0,147.447
0.6,-0.01,8.044,1.298,-360.716,0.356,266.744,0.0,0.0,2.88,1944.747,-1.637,-191.263,-4.442,-2230.844,52.453,-522.194,-0.002,142.936
0.7,-0.027,11.208,3.805,-458.286,-0.014,251.002,0.0,0.0,4.7,1941.981,-1.467,-184.609,-4.318,-2202.191,50.608,-497.082,-0.002,177.002
0.8,-0.007,11.432,0.822,-404.751,0.983,229.594,0.0,0.0,2.969,1945.796,-0.401,-170.439,-4.534,-2184.271,51.366,-543.147,-0.002,168.874
0.9,-0.001,7.555,-0.064,-318.42,2.963,203.505,0.0,0.0,3.863,1960.391,-0.132,-180.812,-5.947,-2224.087,45.761,-476.179,-0.001,99.914
1.0,-0.0,5.484,-0.067,-319.413,0.236,231.527,0.0,0.0,-0.586,2002.63,-0.318,-180.891,-3.5,-2193.819,56.599,-668.933,-0.0,191.067
1.1,-0.0,3.39,-0.002,-258.077,6.049,177.147,0.0,0.0,-0.003,1956.079,2.13,-217.424,-4.432,-2202.137,46.381,-577.4,-0.0,185.881
1.2,-0.001,4.926,-0.0,-206.501,4.314,203.102,0.0,0.0,1.865,1857.808,2.57,-247.186,-3.838,-2073.809,45.541,-538.717,-0.0,66.985
1.3,-0.005,4.245,-0.003,-171.151,0.142,199.328,0.0,0.0,3.4,1814.14,-0.537,-181.13,-3.761,-2042.428,53.888,-605.278,-0.0,34.474
1.4,-0.002,4.26,-0.003,-187.051,0.064,194.29,0.0,0.0,3.282,1815.961,-0.577,-183.882,-4.342,-2057.173,53.658,-610.632,-0.0,82.273
1.5,-0.001,4.023,-0.002,-198.386,0.337,191.481,0.0,0.0,2.883,1824.413,-0.362,-195.504,-4.499,-2049.419,53.058,-631.822,-0.0,115.978
1.6,-0.0,5.874,-0.001,-207.296,0.231,183.735,0.0,0.0,6.631,1749.955,-0.292,-198.114,-4.937,-2011.949,50.896,-581.763,-0.0,110.403
1.7,-0.0,4.886,-0.0,-179.164,0.36,169.602,0.0,0.0,5.263,1711.537,-0.273,-198.63,-4.137,-1962.977,52.262,-615.746,-0.0,114.854
1.8,-0.0,1.599,-0.0,-131.402,1.39,131.024,0.0,0.0,1.773,1733.741,0.472,-225.189,-3.686,-1899.102,51.2,-667.506,-0.001,116.807
1.9,-0.0,2.079,-0.0,-119.623,0.378,143.341,0.0,0.0,0.762,1740.151,0.651,-208.489,-4.01,-1873.526,54.865,-698.959,-0.001,68.916
2.0,0.0,1.356,0.0,-106.62,0.124,145.943,0.0,0.0,1.259,1687.873,-0.353,-190.546,-3.526,-1843.988,55.247,-704.954,-0.001,61.626
2.1,0.0,-3.688,0.0,-69.415,-0.005,144.717,0.0,0.0,6.325,1502.831,-0.765,-196.474,-3.729,-1806.635,50.465,-628.894,-0.0,101.288
2.2,0.0,-2.318,0.0,-48.676,-0.104,125.123,0.0,0.0,2.708,1539.519,-0.587,-182.429,-4.362,-1767.524,54.136,-680.743,-0.0,73.526
2.3,0.0,-2.317,0.0,-41.222,-0.237,104.305,0.0,0.0,7.891,1425.323,-0.508,-172.654,-5.084,-1716.622,48.269,-623.844,-0.0,76.598
2.4,0.0,-2.429,0.0,-23.852,-0.295,99.081,0.0,0.0,7.527,1378.564,-0.628,-175.621,-4.684,-1678.72,48.405,-643.355,-0.001,94.245
2.5,0.0,-2.559,0.0,-36.853,0.001,88.003,0.0,0.0,9.646,1308.167,-0.224,-171.533,-4.975,-1699.49,44.766,-629.057,-0.002,204.974
2.6,-0.0,-3.68,0.0,-52.451,1.0,55.486,0.0,0.0,3.849,1240.381,-0.198,-147.694,-5.235,-1520.259,46.454,-587.248,-0.0,85.304
2.7,0.0,-4.391,0.0,-42.735,0.925,47.833,0.0,0.0,3.551,1212.136,-0.161,-140.7,-5.127,-1468.045,48.827,-602.556,-0.0,66.0
2.8,0.0,-3.856,0.0,13.119,1.748,52.813,0.0,0.0,2.788,1224.873,-0.685,-154.077,-3.42,-1366.815,54.292,-705.323,-0.0,-9.094
2.9,0.0,-3.528,0.0,27.436,2.877,43.529,0.0,0.0,7.966,1129.377,-0.811,-165.786,-3.43,-1303.565,47.199,-674.414,-0.0,4.357
3.0,-0.0,-3.306,0.0,24.542,0.407,60.01,0.0,0.0,4.148,1107.729,-0.262,-142.91,-2.998,-1217.825,52.0,-733.624,-0.0,-34.396
3.1,-0.0,-3.024,0.0,11.614,-0.223,42.27,0.0,0.0,6.408,986.865,-0.082,-125.993,-4.148,-1191.765,49.49,-634.181,-0.0,-33.317
3.2,-0.0,-2.4,-0.0,29.311,-0.252,28.966,0.0,0.0,4.708,963.451,0.722,-137.819,-3.223,-1101.565,51.432,-710.164,-0.0,-20.291
3.3,-0.016,0.665,0.0,37.349,0.07,35.561,0.0,0.0,4.089,965.842,2.8,-164.546,-3.058,-999.719,49.383,-791.016,-0.0,-26.925
3.4,-0.009,-4.777,0.0,37.517,0.187,32.689,0.0,0.0,1.399,921.689,0.756,-150.152,-2.383,-928.31,53.853,-822.859,-0.0,-31.385
3.5,-0.001,-7.652,0.0,49.972,-0.312,26.961,0.0,0.0,-0.122,843.386,0.601,-145.441,-2.458,-862.702,57.069,-817.218,-0.0,-33.618
3.6,-0.002,-6.299,-0.0,70.93,-0.157,13.207,0.0,0.0,0.576,751.811,-0.494,-134.012,-2.592,-790.584,57.079,-806.108,-0.0,-45.475
3.7,-0.005,-6.202,-0.0,87.093,-0.051,1.39,0.0,0.0,1.451,665.082,-0.548,-127.77,-2.575,-714.623,55.557,-798.785,-0.0,-54.477
3.8,-0.006,-8.19,-0.0,92.118,0.417,-9.019,0.0,0.0,1.549,564.996,-0.084,-104.266,-2.726,-637.875,54.692,-791.432,-0.0,-56.077
3.9,-0.002,-8.894,-0.0,96.925,1.084,-23.381,0.0,0.0,2.668,470.705,-0.404,-80.956,-2.988,-566.024,53.731,-772.713,-0.0,-56.162
4.0,-0.0,-8.559,-0.0,101.819,0.228,-18.89,0.0,0.0,3.483,390.84,-0.418,-62.343,-3.027,-476.673,52.634,-801.602,-0.0,-66.779
4.1,-0.0,-8.079,-0.0,106.773,0.133,-35.18,0.0,0.0,1.038,352.887,0.153,-64.69,-2.399,-351.662,55.704,-860.326,-0.0,-78.581
4.2,-0.001,-9.771,-0.0,120.711,0.086,-37.336,0.0,0.0,0.506,278.477,0.027,-55.422,-2.134,-250.461,56.166,-906.986,-0.0,-74.256
4.3,-0.014,-12.115,-0.0,130.635,0.079,-43.542,0.0,0.0,2.917,156.797,-0.256,-46.937,-2.31,-181.883,53.223,-872.087,-0.001,-70.461
4.4,-0.004,-12.549,0.002,137.566,0.188,-45.615,0.0,0.0,3.566,76.476,-0.522,-42.094,-2.435,-114.512,52.165,-867.808,-0.0,-76.429
4.5,0.014,-13.425,0.091,133.729,0.116,-46.651,0.0,0.0,2.444,16.616,-0.389,-29.151,-2.395,-32.862,52.604,-883.781,-0.0,-80.074
4.6,0.012,-13.933,0.92,90.355,0.122,-57.112,0.0,0.0,0.747,-77.074,-0.034,-7.873,-1.987,68.661,54.586,-859.802,-0.002,-88.688
4.7,0.001,-12.485,1.781,65.801,-0.006,-54.76,0.0,0.0,0.605,-169.31,0.212,-1.06,-1.853,158.934,54.095,-830.602,-0.002,-104.838
4.8,-0.013,-11.357,1.375,106.601,-0.009,-70.843,0.0,0.0,0.094,-243.282,0.044,8.592,-1.656,260.702,55.246,-863.489,-0.002,-123.889
4.9,0.015,-12.415,0.295,160.906,0.173,-86.504,0.0,0.0,0.168,-325.282,0.003,17.418,-1.477,362.496,56.456,-923.39,-0.001,-134.626
5.0,0.042,-14.206,0.71,157.208,0.153,-105.58,0.0,0.0,1.024,-401.024,-0.009,28.111,-2.122,428.176,53.669,-890.281,-0.0,-143.148
5.1,0.013,-15.057,1.018,148.078,0.146,-117.303,0.0,0.0,0.386,-462.51,-0.061,39.341,-1.743,515.753,54.307,-894.625,-0.0,-150.873
5.2,-0.003,-16.428,0.775,155.697,0.402,-128.789,0.0,0.0,0.159,-532.525,-0.08,50.199,-1.143,608.779,55.572,-930.174,-0.0,-149.146
5.3,-0.002,-17.618,0.188,175.89,0.323,-139.536,0.0,0.0,0.34,-608.722,-0.058,57.139,-1.19,677.594,55.973,-940.79,-0.0,-146.042
5.4,-0.005,-17.154,0.11,177.814,0.005,-145.074,0.0,0.0,0.099,-698.718,-0.006,65.12,-0.842,773.08,56.281,-945.433,-0.0,-152.86
5.5,-0.005,-15.468,0.191,179.637,-0.004,-157.482,0.0,0.0,-0.045,-796.111,0.038,74.702,-0.481,893.331,55.644,-959.171,-0.0,-154.5
5.6,-0.004,-15.054,0.531,175.094,0.065,-169.723,0.0,0.0,-0.038,-885.992,0.009,84.539,-0.283,1001.406,54.407,-961.848,-0.0,-159.688
5.7,-0.0,-16.481,0.422,186.196,-0.034,-180.886,0.0,0.0,-0.003,-968.07,-0.0,91.158,-0.198,1084.623,55.568,-968.883,-0.0,-161.227
5.8,0.0,-17.084,0.312,199.633,-0.017,-191.239,0.0,0.0,-0.012,-1044.344,-0.014,95.994,-0.152,1159.79,55.955,-991.447,-0.0,-154.398
5.9,-0.019,-15.462,0.284,206.442,0.051,-198.257,0.0,0.0,-0.012,-1110.963,-0.015,100.997,-0.134,1228.711,56.515,-1003.738,-0.0,-154.163
6.0,-0.015,-14.899,0.275,214.404,-0.04,-207.075,0.0,0.0,-0.009,-1173.984,-0.005,108.484,-0.078,1298.108,56.455,-1010.149,-0.0,-158.957
6.1,-0.005,-15.856,0.132,229.427,-0.038,-223.225,0.0,0.0,-0.003,-1245.913,-0.003,117.944,-0.036,1376.732,56.303,-1010.459,-0.0,-164.992
6.2,-0.0,-17.065,0.029,246.736,-0.009,-238.956,0.0,0.0,-0.001,-1323.705,0.0,128.26,-0.011,1458.432,55.796,-1018.955,-0.0,-170.229
6.3,-0.0,-18.06,0.024,257.81,-0.007,-250.382,0.0,0.0,-0.001,-1389.417,-0.005,136.533,-0.004,1531.816,55.798,-1029.414,-0.0,-173.715
6.4,-0.0,-18.921,-0.0,261.157,-0.003,-260.197,0.0,0.0,-0.001,-1445.443,-0.011,141.451,-0.001,1594.257,55.911,-1041.022,-0.0,-170.192
6.5,-0.0,-19.004,-0.0,259.838,-0.002,-269.911,0.0,0.0,-0.0,-1496.844,-0.008,145.204,-0.0,1651.955,56.278,-1050.842,-0.0,-162.404
6.6,-0.0,-18.105,-0.0,261.021,-0.001,-278.963,0.0,0.0,-0.0,-1554.269,-0.003,150.472,-0.0,1711.801,56.097,-1044.995,-0.0,-166.429
6.7,-0.0,-17.585,-0.0,267.985,-0.001,-287.285,0.0,0.0,-0.0,-1615.622,-0.004,156.989,-0.0,1773.357,55.425,-1022.58,-0.0,-185.833
6.8,-0.0,-17.988,-0.0,276.943,-0.001,-293.144,0.0,0.0,-0.0,-1662.71,-0.009,161.155,-0.0,1825.755,55.553,-1013.185,-0.0,-210.883
6.9,-0.0,-18.371,-0.0,278.567,-0.001,-296.051,0.0,0.0,-0.0,-1697.197,-0.009,163.557,0.0,1869.24,56.059,-1004.425,-0.0,-237.25
7.0,-0.0,-17.992,-0.0,271.568,-0.0,-297.813,0.0,0.0,-0.0,-1757.315,-0.004,167.034,-0.0,1929.752,57.237,-998.508,-0.0,-242.158
